1000
138 844
21 197
82 866
19 295
181 731
77 477
163 658
181 730
156 630
59 917
382 765
155 311
282 565
321 643
137 275
1 1000
214 862
214 861
214 863
214 917
235 471
235 557
217 435
217 521
175 351
175 632
20 845
20 844
20 846
20 909
422 845
422 882
168 678
168 677
168 679
168 766
406 813
406 959
390 781
390 980
196 393
196 744
261 523
261 637
124 502
124 501
124 503
124 737
273 547
273 978
195 786
195 785
195 787
195 910
373 747
373 980
378 757
378 886
48 198
48 197
48 199
48 264
18 343
18 342
18 344
18 350
222 445
222 880
137 275
137 282
134 269
134 502
324 649
324 775
140 281
140 401
179 722
179 721
179 723
179 932
103 633
103 632
103 634
103 650
107 657
107 656
107 658
107 684
365 731
365 988
288 577
288 848
168 337
168 608
346 693
346 728
84 700
84 699
84 701
84 750
215 431
215 702
231 463
231 603
96 193
96 305
51 210
51 209
51 211
51 294
188 377
188 492
148 297
148 471
241 483
241 866
31 438
31 437
31 439
31 442
256 513
256 641
283 567
283 973
134 269
134 444
323 647
323 929
161 650
161 649
161 651
161 848
216 433
216 757
34 664
34 663
34 665
34 756
252 505
252 1000
210 421
210 478
278 557
278 777
115 466
115 465
115 467
115 575
153 307
153 421
92 374
92 373
92 375
92 508
40 651
40 650
40 652
40 727
155 626
155 625
155 627
155 656
205 411
205 666
156 630
156 629
156 631
156 678
228 457
228 580
95 788
95 787
95 789
95 958
100 828
100 827
100 829
100 863
116 470
116 469
116 471
116 663
115 231
115 244
155 626
155 625
155 627
155 929
69 282
69 281
69 283
69 295
211 850
211 849
211 851
211 944
11 116
11 115
11 117
11 134
185 746
185 745
185 747
185 767
330 661
330 842
100 406
100 405
100 407
100 591
117 717
117 716
117 718
117 785
73 775
73 774
73 776
73 825
219 882
219 881
219 883
219 953
204 409
204 748
14 689
14 688
14 690
14 710
32 450
32 449
32 451
32 467
1 528
1 527
1 529
1 551
32 134
32 133
32 135
32 195
67 274
67 273
67 275
67 348
18 477
18 476
18 478
18 510
192 774
192 773
192 775
192 954
88 177
88 180
319 639
319 756
22 549
22 548
22 550
22 551
110 221
110 425
7 34
7 33
7 35
7 54
39 162
39 161
39 163
39 178
134 269
134 291
13 742
13 741
13 743
13 817
60 121
60 198
92 567
92 566
92 568
92 762
152 614
152 613
152 615
152 726
139 279
139 490
289 579
289 997
62 387
62 386
62 388
62 458
334 669
334 842
156 951
156 950
156 952
156 976
374 749
374 974
217 435
217 798
163 658
163 657
163 659
163 712
69 735
69 734
69 736
69 826
205 826
205 825
205 827
205 995
279 928
13 824
13 826
13 898
393 820
80 494
80 496
80 622
192 682
258 542
268 976
19 356
19 358
19 414
142 501
24 101
24 103
24 116
27 113
27 115
27 123
40 650
40 652
40 755
196 680
3 461
3 463
3 499
182 733
182 735
182 871
57 614
57 616
57 652
212 529
178 675
85 707
85 709
85 762
104 859
104 861
104 959
146 589
146 591
146 628
3 816
3 818
3 876
69 241
154 621
154 623
154 631
198 447
176 406
294 689
26 535
26 537
26 554
45 185
45 187
45 191
60 161
135 276
284 850
316 866
305 692
211 768
213 692
304 785
358 755
438 979
105 425
105 427
105 631
126 315
317 731
119 728
119 730
119 919
250 519
260 866
66 704
66 706
66 806
219 881
219 883
219 899
197 793
197 795
197 837
64 684
64 686
64 796
449 979
94 779
94 781
94 961
101 835
101 837
101 930
71 754
71 756
71 803
9 491
9 493
9 494
196 588
109 668
109 670
109 770
11 539
11 541
11 608
85 524
85 526
85 532
40 872
40 874
40 976
107 656
107 658
107 847
265 571
14 98
14 100
14 109
46 166
122 385
21 317
21 319
21 338
90 747
90 749
90 781
98 811
98 813
98 935
4 113
4 115
4 125
167 479
69 734
69 736
69 846
320 953
186 404
16 375
16 377
16 438
70 744
70 746
70 879
4 269
4 271
4 306
193 445
131 475
216 543
289 589
312 625
205 787
200 507
194 664
346 851
181 720
88 731
88 733
88 913
337 699
85 707
85 709
85 816
134 285
357 876
104 265
223 465
33 746
33 748
33 769
387 784
155 625
155 627
155 896
101 409
101 411
101 537
430 867
153 617
153 619
153 726
324 701
4 269
4 271
4 283
255 797
414 942
122 493
122 495
122 556
82 329
205 437
213 743
367 840
363 859
3 737
3 739
3 752
91 755
91 757
91 799
332 764
195 889
407 987
378 845
166 847
187 855
116 731
441 991
160 440
14 53
229 535
352 971
221 665
128 571
25 698
17 186
353 767
220 918
136 680
296 978
186 628
209 930
13 543
189 531
298 729
268 769
253 735
210 945
34 977
55 820
266 610
26 889
93 945
247 804
56 587
178 564
49 372
127 508
216 646
192 393
149 349
20 741
9 968
15 681
73 915
11 916
103 319
114 838
63 460
174 408
199 903
385 828
257 893
272 839
55 636
246 816
147 649
55 146
226 871
191 449
8 610
54 141
464 955
74 670
431 986
92 965
285 858
155 558
211 704
83 530
3 812
86 866
378 804
200 432
83 218
17 592
224 521
202 656
5 628
185 945
261 860
368 863
100 574
226 956
314 867
439 893
466 964
21 931
31 443
274 792
68 741
217 681
14 497
18 720
67 721
240 589
183 462
149 678
79 634
368 888
131 444
244 907
98 753
119 566
28 542
71 192
259 923
250 709
32 727
56 987
251 630
27 597
203 954
76 267
171 963
244 931
365 826
146 491
192 579
147 764
277 970
69 691
136 854
214 806
408 838
222 835
138 653
163 499
340 785
147 960
173 425
3 510
254 965
78 320
154 773
324 848
400 907
48 632
4 211
205 486
201 604
129 344
202 699
328 718
9 984
166 551
190 794
379 863
105 936
83 933
2 869
365 827
322 784
48 495
408 906
219 516
61 643
69 657
354 740
262 832
154 428
264 808
65 929
87 691
54 938
113 227
12 684
132 426
74 441
446 963
145 296
279 906
3 749
190 792
150 345
178 455
79 929
52 556
58 594
37 249
183 475
161 653
390 902
99 336
87 461
217 489
460 923
156 683
163 883
304 964
14 113
6 565
229 860
149 566
79 308
323 941
65 587
10 192
60 309
162 409
77 432
73 440
1 798
120 490
5 364
277 871
15 529
226 962
7 193
127 265
333 721
260 599
199 993
200 436
333 732
128 725
67 614
271 719
159 980
87 904
177 492
323 702
273 742
118 825
56 267
8 967
176 816
84 739
158 769
213 490
80 714
133 689
24 567
349 827
78 177
185 889
185 959
160 980
147 829
187 798
375 806
107 664
155 440
55 406
101 447
18 956
173 495
30 265
480 982
296 863
38 431
198 589
56 344
187 450
279 934
56 884
104 636
97 887
309 906
276 684
262 711
39 901
27 63
174 472
263 555
70 278
203 471
285 777
304 867
254 859
117 891
18 261
274 616
32 174
85 529
94 999
35 308
66 630
23 468
429 859
401 804
178 488
301 654
43 829
193 831
200 952
190 900
17 798
101 793
104 528
37 528
298 798
147 974
94 589
48 960
25 532
40 812
222 638
91 755
95 592
378 866
67 419
15 835
167 889
417 853
111 628
258 567
17 609
43 136
78 251
173 866
315 640
97 870
172 595
25 732
181 876
249 977
324 917
186 418
2 633
8 818
33 969
65 985
347 932
138 815
468 939
214 697
53 701
430 903
3 469
64 696
195 702
295 617
441 924
142 696
157 667
302 658
132 814
71 444
162 940
301 951
55 390
236 601
106 821
259 699
306 821
96 257
418 963
40 957
88 772
127 780
104 814
114 594
117 931
38 593
11 330
162 507
131 286
229 470
11 791
124 477
256 911
292 698
176 709
360 791
154 462
198 942
173 777
55 133
12 889
202 986
116 678
72 305
140 784
47 238
146 946
277 879
158 745
45 302
96 261
206 754
203 912
148 931
22 237
427 955
21 512
498 1000
301 871
87 774
33 666
206 424
181 735
53 766
97 560
118 520
126 967
332 746
361 995
36 150
263 889
13 566
205 993
102 338
33 477
269 669
76 370
72 867
302 882
33 852
339 792
48 464
54 344
216 485
177 411
175 724
188 797
380 857
356 858
228 771
27 439
25 204
297 658
187 726
12 107
248 622
428 952
159 653
67 839
139 886
72 605
176 662
271 627
105 241
365 865
340 805
2 651
431 931
35 914
12 534
346 799
359 788
5 645
332 701
338 827
156 359
58 591
420 847
132 265
25 257
308 744
133 488
15 345
18 829
175 865
274 606
104 810
254 853
288 828
86 384
219 655
27 659
131 539
307 769
50 810
1 495
229 629
147 536
351 874
60 660
256 869
119 305
117 467
337 953
111 696
