100
1 4
480 618
1 5
757 777
4 109
483 485
3 104
85 413
1 6
537 550
21 584
100 1000
3 5
8 10
120 742
402 418
4 104
1 1000
384 584
114 303
484 485
3 109
256 437
3 10
1 1
7 109
377 499
65 221
3 221
21 302
9 65
1 10
31 428
120 484
4 9
120 584
1 65
7 122
404 530
122 483
3 742
389 433
440 890
303 485
9 584
1 122
8 65
7 484
820 977
478 949
3 584
1 121
3 9
1 484
4 742
219 993
122 1000
1 2
14 404
121 742
142 814
7 221
4 122
10 120
21 742
484 584
303 584
120 221
696 965
560 624
1 101
495 580
872 879
9 10
3 4
7 65
121 484
9 109
121 302
7 584
335 824
1 302
21 122
1 742
1 221
1 485
483 742
241 825
3 65
1 109
5 69
3 302
10 767
65 122
21 121
39 765
8 221
156 471
1 104
3 6
