25
1 107
5
3 1 1
4 3 3 3 2
4 2 5 3
5 2 4 2
2 2 5 1
4 0
1 1 5
3 4 2 4 4 5
3 1 5
2 2 3 1
3 0
5 2 3 1
2 3 4 3 3
2 0
5 3 1 1 3
4 4 2 3 5 2
5 2 3 4
3 1 5
1 2 2 4
4 3 1 2 5
2 2 3 5
4 1 4
5 0
5 0
4 2 2 2
2 1 5
3 0
5 1 5
2 2 3 3
5 2 2 5
1 3 2 1 4
4 3 3 3 1
1 4 3 4 5 2
4 2 1 1
5 1 5
4 3 3 5 1
4 0
2 4 1 5 5 2
2 5 3 4 3 5 2
3 1 3
3 1 3
4 1 3
5 1 4
5 0
2 1 3
4 3 4 3 3
3 1 2
3 5 2 5 3 3 5
4 2 5 3
5 2 2 5
1 1 3
5 1 5
5 2 1 5
5 4 2 2 2 3
1 0
4 2 5 4
4 2 2 2
4 0
5 0
5 1 4
5 3 5 4 1
5 1 3
5 1 3
5 2 5 5
5 1 3
1 1 1
4 0
4 4 4 3 3 3
2 0
5 3 5 4 1
3 3 2 3 2
4 2 1 1
5 1 2
2 2 5 4
5 2 5 2
1 1 2
3 1 2
4 0
4 0
1 3 4 2 2
1 3 1 1 4
1 1 1
2 5 3 2 4 4 4
5 2 4 3
3 3 2 2 1
5 0
5 2 3 1
3 2 5 1
5 0
4 2 2 1
4 2 2 2
4 3 3 3 3
3 2 2 4
5 3 4 1 1
4 1 5
5 1 5
5 2 1 3
4 1 4
5 3 2 1 3
1 2 4 3
5 1 1
2 1 5
1 3 3 1 2
4 2 5 2
4 2 2 5
3 1 4
1 2 3 1
1 200
79
8 1 172
167 1 197
152 1 116
182 1 13
169 1 120
138 1 25
52 1 51
129 1 35
195 1 178
90 1 8
196 1 166
92 1 73
111 1 64
177 1 60
61 1 81
153 1 141
157 1 122
188 1 50
72 1 143
180 1 189
112 1 111
96 1 84
10 1 127
123 1 152
80 1 22
124 1 198
83 1 114
36 1 21
97 1 10
100 1 63
42 1 130
5 1 68
58 1 20
128 1 107
174 1 109
41 1 14
139 1 180
20 1 149
141 1 72
151 1 93
3 1 153
106 1 62
199 1 159
183 1 171
70 1 162
12 1 4
39 1 30
181 1 23
85 1 19
185 1 32
79 1 186
117 1 5
105 1 89
122 1 200
88 1 154
159 1 54
146 1 158
163 1 56
89 1 126
103 1 91
46 1 119
11 1 100
156 1 94
48 1 174
133 1 138
165 1 106
59 1 52
137 1 140
66 1 101
55 1 115
49 1 8
154 1 66
67 1 131
140 1 40
161 1 9
109 1 179
63 1 155
25 1 2
23 1 124
114 1 132
186 1 118
24 1 15
135 1 16
143 1 102
171 1 123
86 1 58
198 1 77
197 1 61
147 1 76
126 1 165
40 1 169
21 1 134
22 1 36
175 1 117
32 1 90
173 1 71
168 1 146
71 1 41
16 1 28
184 1 18
99 1 148
149 1 87
51 1 11
94 1 74
178 1 39
65 1 57
116 1 48
108 1 31
27 1 145
190 1 175
34 1 82
30 1 191
119 1 12
53 1 42
107 1 136
145 1 45
148 1 98
62 1 80
81 1 88
193 1 161
1 1 187
144 1 26
155 1 182
75 1 108
35 1 156
9 1 135
76 1 75
118 1 55
69 1 44
93 1 112
134 1 188
101 1 184
68 1 1
2 1 97
191 1 37
38 1 193
192 1 170
15 1 167
125 1 85
6 1 105
164 1 33
14 1 70
31 1 157
78 1 29
28 1 95
84 1 46
26 1 78
158 1 86
77 1 6
127 1 129
82 1 103
189 1 199
45 1 190
37 1 24
56 1 192
200 1 27
50 1 137
132 1 7
44 1 96
4 1 3
194 1 160
131 1 183
162 1 92
176 1 133
166 1 67
7 1 151
13 1 104
172 1 142
19 1 99
113 1 49
54 1 47
130 1 163
120 1 34
87 1 194
142 1 185
95 1 150
187 1 65
29 1 83
98 1 121
33 1 125
179 1 69
104 1 195
115 1 196
57 1 181
47 1 164
43 1 177
64 1 173
102 1 53
136 1 17
160 1 176
150 1 59
91 1 144
170 1 139
18 1 43
121 1 168
110 1 147
73 1 113
74 1 128
60 1 110
17 1 38
1 199
68
68 1 33
106 0
41 3 43 33 96
9 1 69
93 3 42 42 24
10 0
58 3 16 69 96
105 0
30 1 42
63 0
107 3 69 16 96
53 1 75
29 1 80
32 0
1 0
3 1 33
50 0
82 1 52
102 0
18 1 83
100 3 42 96 43
86 1 75
99 1 96
22 0
76 3 75 69 52
65 0
13 0
31 0
35 2 80 83
5 2 42 52
7 0
103 2 33 33
59 0
39 1 96
89 1 43
57 0
74 6 80 16 43 33 75 69
14 0
67 3 96 96 25
4 2 62 80
73 1 52
49 1 69
27 0
20 2 96 83
46 0
101 0
110 0
71 2 33 75
6 0
2 2 74 33
54 2 35 62
64 2 99 25
16 4 25 69 52 80
52 1 25
29 2 32 104
31 3 35 108 25
65 2 13 45
106 3 41 8 33
91 3 67 42 83
84 4 3 33 96 83
83 1 69
23 1 53
15 1 76
33 1 43
24 1 24
52 2 62 96
87 1 1
24 2 43 96
47 1 73
96 0
51 2 59 83
100 3 86 37 25
60 3 50 52 25
110 4 71 44 62 83
24 2 25 75
45 3 65 16 16
24 3 42 69 33
69 1 24
96 2 42 83
33 0
99 6 22 64 69 24 80 75
42 3 62 96 16
44 1 110
7 4 103 55 42 69
34 2 22 24
80 2 69 75
90 3 10 25 69
16 3 62 16 52
5 3 7 19 83
56 4 14 42 62 43
52 1 69
14 3 67 56 24
89 4 57 111 83 42
83 1 33
66 3 18 83 83
82 2 102 97
11 3 93 42 75
26 2 86 83
42 4 62 24 80 80
43 2 83 24
8 4 106 80 75 83
83 1 25
52 1 25
25 1 42
38 2 41 52
109 4 39 69 52 96
59 4 39 51 83 42
75 2 80 24
61 1 9
12 5 6 62 62 96 16
68 6 106 79 16 96 83 52
79 2 68 52
32 3 1 92 25
80 0
52 0
43 1 83
96 1 52
70 3 71 24 83
67 2 4 91
72 4 20 25 75 80
71 3 6 70 42
52 0
62 0
107 3 53 17 25
37 3 100 80 69
105 4 30 94 25 80
111 4 89 75 62 16
80 1 33
80 1 75
46 6 101 95 62 96 96 52
63 2 107 21
35 3 5 54 52
95 3 46 25 16
83 2 25 42
41 4 9 38 43 43
20 4 46 72 16 83
40 1 57
76 2 65 15
17 5 107 42 75 75 69
57 2 74 40
101 2 110 48
86 2 99 26
108 3 31 16 52
93 4 10 11 43 75
88 3 30 83 52
52 1 62
75 1 52
21 2 63 43
4 5 73 28 69 24 52
96 1 62
75 1 83
78 2 102 25
36 4 58 52 62 33
3 3 50 84 33
94 1 105
27 4 20 77 96 24
77 2 27 96
39 2 89 109
49 2 27 81
13 2 31 98
104 2 29 43
92 2 32 80
6 3 12 75 33
98 1 13
53 5 29 23 62 25 75
18 3 100 66 24
42 1 24
24 1 42
33 2 24 16
81 2 49 33
75 1 33
103 5 59 85 83 96 62
48 1 101
83 2 62 83
75 1 52
85 1 103
9 3 93 61 42
43 1 62
97 2 82 69
24 1 33
43 1 75
19 1 5
69 0
10 3 58 90 96
102 5 18 78 42 80 25
50 2 82 60
16 3 16 62 69
62 3 33 62 16
30 2 63 88
22 2 76 34
62 2 33 25
58 3 105 36 83
55 1 7
1 4 3 87 43 96
74 3 14 2 25
28 1 4
62 0
69 1 52
73 3 49 47 25
1 200
109
100 2 168 102
61 2 29 100
85 1 61
145 2 154 85
19 1 145
34 3 192 18 19
129 2 76 34
196 1 129
2 3 89 196 151
157 1 2
135 2 175 157
50 3 11 135 60
182 2 6 50
99 4 73 163 182 41
195 1 99
140 4 171 105 195 31
51 1 140
70 3 186 172 51
22 1 70
172 1 22
116 3 147 30 172
68 1 116
181 2 198 68
16 1 181
193 3 52 80 16
134 3 177 37 193
150 3 30 28 134
194 3 27 150 52
103 2 168 194
114 2 191 103
71 2 64 114
8 2 125 71
76 1 8
33 2 188 76
139 1 33
66 3 54 180 139
75 4 113 183 66 83
180 1 75
6 1 180
90 2 136 6
97 2 189 90
87 1 97
118 1 87
40 2 143 118
107 3 9 40 122
27 1 107
149 1 27
178 2 77 149
186 1 178
138 2 49 186
7 4 69 188 141 138
173 2 94 7
190 1 173
20 2 117 190
159 2 109 20
112 1 159
184 1 112
192 4 3 118 103 184
148 1 192
183 2 101 148
46 1 183
165 2 19 46
191 4 131 135 183 165
35 2 120 191
48 2 165 35
104 4 145 48 113 129
124 5 113 104 149 190 26
164 2 155 124
56 1 164
91 3 61 153 56
78 1 91
133 1 78
95 2 71 133
105 2 186 95
151 2 191 105
25 2 139 151
64 1 25
36 2 182 64
117 2 22 36
13 2 92 117
175 3 177 13 143
113 2 70 175
115 1 113
94 1 115
79 2 176 94
63 3 183 190 79
1 2 174 63
142 2 191 1
53 1 142
37 1 53
101 1 37
74 2 192 101
17 4 79 167 103 74
72 2 42 17
122 3 132 72 99
108 2 79 122
171 1 108
127 1 171
143 1 127
60 1 143
58 2 143 60
200 2 139 58
93 2 180 200
39 3 95 93 167
29 2 79 39
174 2 41 29
32 2 53 174
54 1 32
81 5 36 67 132 171 54
55 1 81
21 3 16 61 55
126 2 91 21
96 1 126
4 1 96
155 3 96 141 4
47 1 155
44 3 21 167 47
156 2 37 44
130 2 131 156
179 4 150 130 27 165
38 2 3 179
43 1 38
177 2 81 43
49 2 6 177
132 1 49
162 2 127 132
73 2 195 162
9 2 140 73
28 2 6 9
83 2 144 28
120 3 105 83 183
77 1 120
185 1 77
14 1 185
128 2 74 14
110 2 178 128
15 2 176 110
18 2 124 15
131 1 18
92 1 131
102 2 113 92
188 2 33 102
123 3 12 51 188
121 1 123
176 2 22 121
125 3 137 176 61
141 3 64 81 125
23 2 63 141
106 2 53 23
80 1 106
57 2 77 80
170 2 25 57
84 1 170
199 4 116 4 10 84
197 1 199
65 2 15 197
98 2 153 65
189 3 40 98 35
158 2 98 189
168 2 183 158
52 3 31 168 165
67 4 15 2 52 22
5 1 67
198 3 42 5 170
10 2 67 198
11 2 168 10
69 3 110 28 11
86 3 155 134 69
62 2 54 86
24 2 42 62
160 2 67 24
31 1 160
89 1 31
41 1 89
137 2 184 41
169 5 82 137 183 121 186
3 1 169
187 3 100 3 25
136 3 52 176 187
152 2 155 136
119 2 117 152
144 1 119
154 1 144
163 1 154
59 1 163
88 2 36 59
26 3 172 88 51
147 2 6 26
153 1 147
161 2 197 153
166 2 31 161
167 1 166
45 2 71 167
146 2 46 45
111 4 70 146 102 176
42 2 157 111
82 1 42
30 3 59 183 82
12 1 30
109 2 1 12
1 200
77
21 1 165
156 1 21
55 1 156
170 1 55
93 1 170
94 1 93
37 2 7 94
15 1 37
179 1 15
122 1 179
195 1 122
113 1 195
72 1 113
116 1 72
59 1 116
146 1 59
52 1 146
85 1 52
28 1 85
68 1 28
76 1 68
69 1 76
82 1 69
199 1 82
5 1 199
106 1 5
7 1 106
136 1 7
62 1 136
178 1 62
78 1 178
187 1 78
127 1 187
66 1 127
132 1 66
46 1 132
39 1 46
88 1 39
4 1 88
154 1 4
157 1 154
61 1 157
45 1 61
53 1 45
184 1 53
40 1 184
79 1 40
197 1 79
10 1 197
114 1 10
35 1 114
177 1 35
160 1 177
17 1 160
50 1 17
105 1 50
13 1 105
42 1 13
81 1 42
3 1 81
110 1 3
196 1 110
118 1 196
64 1 118
98 1 64
16 1 98
128 1 16
112 1 128
31 1 112
111 1 31
60 1 111
97 1 60
185 1 97
161 1 185
200 1 161
130 1 200
20 1 130
86 1 20
181 1 86
107 1 181
152 1 107
141 1 152
193 1 141
22 1 193
133 1 22
190 1 133
145 1 190
129 1 145
180 1 129
101 1 180
65 1 101
117 1 65
155 1 117
139 1 155
140 1 139
131 1 140
99 1 131
38 1 99
125 1 38
96 1 125
168 1 96
163 1 168
138 2 33 163
119 1 138
57 1 119
102 1 57
166 1 102
191 1 166
188 1 191
80 1 188
162 1 80
83 1 162
103 1 83
158 2 132 103
173 1 158
124 1 173
175 1 124
43 1 175
108 1 43
12 1 108
1 1 12
58 1 1
192 1 58
9 1 192
51 1 9
120 1 51
142 1 120
47 1 142
143 1 47
87 1 143
48 1 87
24 1 48
63 1 24
151 1 63
174 1 151
67 1 174
100 1 67
74 1 100
148 1 74
26 1 148
27 1 26
6 1 27
149 1 6
109 1 149
182 1 109
134 1 182
23 1 134
84 1 23
2 1 84
25 1 2
19 1 25
33 1 19
90 1 33
198 1 90
126 1 198
153 1 126
137 1 153
14 1 137
71 1 14
34 1 71
183 1 34
44 1 183
30 1 44
164 1 30
167 1 164
135 1 167
56 1 135
92 1 56
75 1 92
123 1 75
29 1 123
32 1 29
176 1 32
144 1 176
121 1 144
95 1 121
41 1 95
91 1 41
54 1 91
104 1 54
36 1 104
186 1 36
89 1 186
73 1 89
169 2 65 73
18 1 169
194 1 18
70 1 194
8 1 70
165 1 8
150 1 165
115 1 150
49 1 115
11 1 49
172 1 11
147 1 172
159 1 147
171 1 159
189 1 171
77 1 189
8 20
22 29 22 14 8 31 25 15
25 8 24 35 30 17 46 34 32 44
27 6 6 19 24 36 25 12
43 7 10 20 5 10 14 6 43
5 12 25 45 14 24 11 48 10 47 22 47 30 11
28 10 15 38 38 32 44 12 47 9 26 3
31 11 29 36 12 47 6 38 17 26 30 49 46
21 8 7 41 47 34 24 14 10 2
47 6 43 12 22 11 21 19
43 11 15 11 10 33 34 9 13 25 18 17 9
15 10 22 30 34 6 32 7 50 45 14 6
12 8 42 43 31 31 47 14 37 32
33 11 1 15 1 3 36 18 17 45 4 2 31
8 11 29 29 48 20 17 42 48 4 48 27 34
48 12 37 45 45 46 30 37 19 38 1 15 46 16
12 9 43 29 34 18 46 40 6 28 48
8 15 50 30 38 48 15 40 12 36 5 27 18 1 39 30 9
31 12 49 45 29 44 15 17 27 1 5 35 13 18
27 18 14 3 42 35 15 28 16 15 50 41 42 18 35 17 31 34 23 32
48 16 10 27 49 36 42 26 49 48 45 38 26 34 26 42 19 24
18 16 1 19 25 49 36 17 3 12 40 26 19 40 36 39 4 32
3 200
4 13 11
6 1 6
12 2 20 17
16 1 6
14 2 17 19
14 3 14 16 16
6 4 1 7 6 2
8 3 3 5 16
11 4 12 8 20 5
22 3 10 22 3
6 4 22 17 17 9
10 2 1 6
6 3 15 22 11
8 3 15 18 3
4 0
13 0
20 1 7
22 1 7
8 1 9
7 2 8 22
13 2 19 20
21 2 8 10
15 4 3 13 17 7
2 4 12 14 6 15
8 1 1
1 2 21 11
7 4 17 10 14 6
22 3 21 14 17
18 3 6 13 20
8 2 4 2
9 1 17
21 3 17 18 10
13 2 13 1
18 0
14 1 22
4 4 7 22 21 8
7 4 16 21 5 3
17 3 15 21 21
10 1 13
17 1 2
15 0
13 1 11
5 3 22 18 6
20 4 11 5 2 12
20 1 4
8 2 3 3
10 3 8 7 10
15 0
5 3 2 19 6
15 1 8
21 3 5 14 12
16 0
14 0
14 2 18 7
17 0
19 3 8 7 14
12 0
21 0
16 1 18
5 3 5 5 17
6 2 13 18
3 3 5 13 15
4 0
16 1 2
18 4 18 20 11 13
15 4 20 13 11 15
18 2 11 5
3 3 15 14 1
10 0
3 2 17 15
19 2 10 5
2 0
15 3 2 12 8
1 5 4 22 7 2 3
19 2 8 5
10 4 18 14 11 12
7 2 1 7
5 0
2 3 2 12 3
11 1 13
19 4 14 3 5 22
21 1 13
4 1 10
8 3 4 4 13
10 0
18 2 4 3
4 1 11
21 1 17
14 0
18 0
1 3 22 14 1
19 1 10
18 2 6 7
4 2 13 14
11 1 18
13 1 20
19 0
4 0
15 1 17
4 0
6 1 11
12 2 10 14
5 1 10
18 1 2
10 0
1 2 18 18
3 3 13 2 3
14 1 7
5 3 17 2 8
2 0
1 1 15
22 0
22 0
2 1 1
7 4 22 20 12 6
9 2 5 15
20 1 11
9 1 3
5 4 14 4 13 21
11 4 7 4 10 16
4 2 7 7
6 0
6 2 11 16
19 3 22 3 11
7 1 12
14 2 14 8
9 4 19 4 21 11
1 2 22 9
17 3 16 15 13
2 0
4 3 17 16 9
20 1 16
11 5 4 10 18 20 4
8 1 4
15 3 5 2 7
18 0
7 2 19 19
15 2 14 12
10 3 14 20 15
9 10 11 11 18 4 13 10 6 9 6 5
16 3 12 10 8
10 2 3 10
6 1 12
16 2 21 19
9 1 17
11 2 15 7
22 2 15 11
6 1 12
19 0
3 2 14 15
15 1 16
20 3 2 11 8
6 7 1 11 20 2 17 7 20
18 1 3
16 3 10 9 2
10 1 18
9 1 9
22 1 20
11 4 8 5 14 2
1 3 9 17 9
21 2 10 15
14 3 9 12 12
20 1 17
7 0
20 3 18 12 2
10 3 3 7 2
3 1 10
4 2 10 20
2 5 15 5 20 17 19
10 0
10 2 3 7
15 2 5 13
17 1 1
16 0
6 1 5
3 1 13
4 3 18 4 7
6 1 19
7 4 5 6 5 2
20 2 14 9
6 0
21 1 11
15 3 14 3 21
9 4 18 16 8 19
14 0
6 3 20 9 17
18 0
20 3 11 4 13
5 1 4
6 1 1
20 0
2 3 15 6 8
18 1 22
15 2 6 22
8 1 19
15 2 1 3
22 4 3 9 17 20
10 2 15 13
16 2 15 18
21 0
17 1 19
1 200
7
15 1 6
7 1 68
42 1 10
37 1 74
102 1 102
120 1 120
109 1 88
132 1 132
44 1 125
42 1 42
131 1 80
7 1 85
102 1 44
84 1 100
71 1 117
20 1 63
113 1 113
63 1 20
64 1 12
128 1 122
87 1 126
26 1 48
23 1 127
79 1 79
87 1 81
6 1 131
58 1 58
1 1 76
47 1 50
48 1 26
1 1 1
108 1 70
79 1 86
20 1 20
88 1 109
83 1 100
117 1 117
104 1 64
4 1 4
55 1 74
128 1 128
3 1 112
29 1 49
39 1 11
127 1 23
65 1 91
38 1 110
55 1 55
80 1 22
3 1 3
98 1 95
58 1 123
70 1 78
92 1 17
66 1 66
47 1 108
115 1 46
27 1 121
111 1 68
84 1 84
22 1 65
115 1 4
17 1 63
76 1 10
43 1 43
52 1 52
76 1 1
48 1 86
66 1 46
71 1 82
112 1 3
100 1 84
97 1 48
125 1 43
78 1 78
68 1 111
126 1 38
46 1 66
27 1 27
39 1 17
122 1 128
31 1 104
52 1 22
97 1 72
73 1 29
10 1 42
123 1 53
80 1 116
132 1 101
109 1 109
32 1 32
65 1 127
67 1 67
31 1 31
81 1 87
35 1 35
2 1 53
113 1 54
30 1 37
85 1 7
88 1 47
36 1 56
81 1 81
100 1 8
6 1 15
83 1 67
121 1 44
29 1 73
54 1 71
56 1 69
54 1 113
89 1 101
11 1 39
36 1 36
118 1 8
64 1 75
126 1 32
91 1 91
111 1 111
74 1 121
13 1 40
33 1 12
99 1 99
43 1 125
53 1 87
10 1 97
33 1 33
85 1 85
95 1 95
86 1 112
50 1 50
23 1 23
63 1 6
122 1 83
21 1 131
15 1 15
12 1 89
82 1 76
21 1 21
4 1 115
72 1 72
50 1 47
8 1 118
99 1 82
93 1 89
56 1 36
125 1 115
13 1 88
22 1 52
78 1 70
75 1 64
72 1 97
30 1 30
91 1 65
32 1 126
118 1 118
70 1 29
95 1 98
44 1 102
123 1 58
116 1 80
37 1 30
12 1 33
116 1 116
101 1 132
98 1 39
8 1 56
121 1 27
40 1 40
17 1 92
11 1 11
93 1 93
82 1 99
2 1 2
127 1 37
112 1 104
75 1 75
120 1 108
35 1 69
89 1 93
73 1 73
110 1 38
86 1 79
74 1 55
69 1 35
67 1 83
46 1 122
92 1 92
101 1 98
110 1 110
69 1 13
53 1 2
26 1 26
40 1 13
131 1 21
104 1 31
38 1 54
68 1 123
108 1 120
117 1 71
58 200
16 8 30 26 12 16 31 27 5 29 15 26 14 27 22 21 6 27 6 5 15 15 2 20 22 7 10 19 5 30 25 19 5 21 13 14 3 10 9 6 5 21 29 16 14 19 3 19 15 8 21 27 22 23 14 13 27 23
29 1 25
29 2 15 13
19 0
20 0
16 4 23 15 23 9
23 2 6 20
10 2 6 13
26 2 21 31
6 2 29 5
10 2 19 2
3 1 27
12 3 21 31 21
15 2 2 6
5 2 15 7
31 2 11 4
12 0
21 3 5 30 17
13 2 4 7
29 2 16 8
23 1 16
1 1 12
10 1 8
29 2 8 12
21 5 28 4 7 28 2
5 2 30 6
19 0
10 1 12
18 1 29
29 1 18
5 2 18 14
7 0
26 1 23
3 2 3 22
26 2 9 13
13 0
16 1 29
17 1 10
22 2 23 25
11 2 6 30
20 1 26
29 0
11 1 29
1 1 4
13 0
15 2 13 24
31 1 10
22 3 27 4 8
2 4 26 10 7 23
10 1 1
19 2 4 26
25 2 10 19
10 1 9
28 3 26 29 15
22 1 27
31 1 10
31 5 31 19 17 28 10
7 2 8 3
9 1 30
15 0
5 2 17 10
12 2 1 19
22 4 10 5 22 10
28 3 5 19 28
14 3 10 1 7
14 4 26 5 11 2
9 1 20
27 2 20 30
30 3 24 11 1
28 1 4
4 2 12 18
17 2 8 16
26 3 28 14 28
14 2 7 14
15 4 4 25 12 7
5 3 30 5 30
27 2 17 10
14 1 19
26 2 8 9
28 2 10 3
23 2 27 2
12 3 31 1 29
19 1 24
31 3 3 31 15
6 1 28
7 3 14 8 26
30 1 6
5 0
12 0
5 7 5 4 29 28 30 15 17
20 1 20
16 2 29 14
16 1 13
10 0
12 0
27 1 26
23 0
21 2 2 29
23 0
19 3 28 2 20
17 4 10 15 18 25
24 0
2 2 11 31
9 0
7 0
16 1 12
13 2 22 5
31 4 31 8 2 1
27 1 15
8 3 6 21 14
25 1 14
17 1 1
17 3 22 17 24
13 0
16 2 20 21
22 2 5 2
17 2 3 28
12 0
27 4 15 29 27 1
28 1 22
16 1 16
15 0
12 5 20 21 3 16 23
30 0
22 3 20 3 24
22 0
25 1 11
11 1 24
11 1 21
14 2 16 13
27 3 1 14 13
25 2 19 29
7 6 8 11 1 10 15 17
29 5 16 3 26 9 30
3 2 11 2
11 1 17
13 1 30
15 1 6
8 2 10 8
9 4 24 24 26 11
20 1 11
1 2 27 4
25 2 2 25
5 0
13 2 20 24
9 0
27 1 22
28 3 2 19 14
20 4 7 29 29 12
20 5 5 20 27 5 13
24 0
2 1 29
1 0
3 1 1
31 2 14 21
22 0
24 1 23
25 2 6 31
30 1 10
1 1 17
5 0
25 1 9
23 1 6
9 1 29
22 0
23 0
17 1 28
2 1 27
7 1 11
24 4 2 12 29 1
10 0
24 2 30 29
25 1 22
1 2 9 20
27 1 16
4 1 14
9 1 17
20 1 31
31 2 21 22
26 3 8 20 4
8 6 29 22 5 14 28 25
22 2 20 2
27 1 15
8 3 29 27 15
24 2 19 26
25 2 18 20
27 1 24
14 2 22 20
16 1 10
25 2 2 26
12 4 30 12 24 5
20 3 6 2 8
18 2 11 14
1 3 5 21 27
27 1 1
7 2 5 17
24 1 5
12 3 15 9 11
8 1 18
28 0
5 0
3 200
4 10 6
1 3 5 10 1
8 2 7 6
7 1 4
3 1 7
7 0
3 2 8 6
7 1 6
6 1 3
6 4 1 9 7 9
3 2 1 10
4 1 9
4 3 7 10 2
10 0
2 0
9 1 9
9 3 8 5 8
6 3 7 1 4
6 3 2 3 10
7 2 9 4
10 2 9 4
1 1 7
8 2 3 3
1 1 6
7 1 1
10 2 7 6
5 0
5 1 8
2 2 5 2
6 0
5 2 9 5
5 3 8 9 2
6 3 5 8 9
4 3 8 8 7
4 1 10
10 1 4
10 3 8 3 6
8 0
6 2 3 10
6 0
4 0
10 0
1 2 4 10
9 1 9
10 2 7 2
4 0
7 1 2
10 1 1
2 1 8
5 0
8 0
3 3 7 9 9
5 2 9 4
5 1 7
4 0
1 0
4 2 5 8
10 1 8
7 2 5 9
7 3 6 9 5
6 3 10 1 5
3 1 10
4 3 4 7 8
1 0
6 0
7 3 2 4 3
3 1 5
7 2 1 6
6 0
8 0
4 0
9 1 9
10 2 2 3
5 0
10 0
9 2 2 4
8 0
6 2 7 6
8 2 1 8
1 0
2 2 2 2
5 1 8
4 3 1 6 8
6 1 10
1 2 10 7
7 3 8 7 10
8 5 1 2 9 6 10
4 3 10 5 8
6 1 9
4 0
2 1 6
1 1 10
6 1 10
5 0
4 0
3 0
3 1 5
6 2 10 4
10 1 5
9 0
5 2 9 5
3 0
9 0
4 2 10 4
7 0
8 1 9
4 2 3 1
7 4 2 8 2 2
6 3 4 5 5
1 3 3 9 5
7 1 4
7 3 3 2 3
7 1 2
10 1 5
5 2 2 5
7 5 6 3 3 8 4
8 0
2 1 2
2 0
4 3 10 8 9
8 1 8
4 1 4
6 0
3 1 2
10 3 7 1 10
1 4 1 4 4 10
8 1 10
3 2 2 1
8 0
7 0
3 1 2
3 2 4 9
9 0
3 2 10 2
8 2 1 5
8 0
3 0
2 0
4 0
10 0
4 2 5 3
2 4 2 5 6 6
6 1 2
1 0
4 2 2 2
2 1 10
7 1 4
1 1 3
4 3 5 9 8
9 2 10 6
4 3 2 5 8
1 3 6 2 6
4 2 7 6
2 1 9
5 3 8 8 2
3 0
2 0
2 1 9
5 0
10 1 7
8 1 5
9 0
4 1 6
9 2 9 8
2 0
3 1 1
6 1 2
4 3 6 7 8
4 0
9 2 8 4
3 1 4
10 1 5
2 3 1 9 3
10 0
10 1 5
5 1 8
2 4 1 10 8 5
8 1 5
6 3 5 9 9
7 2 6 2
8 1 7
1 2 2 7
7 2 4 1
1 0
2 1 4
1 1 7
4 1 4
6 3 4 10 10
5 0
10 2 9 5
7 2 8 2
2 3 6 4 7
1 1 2
10 4 4 7 4 7
10 1 8
2 0
2 1 10
7 1 7
7 0
8 2 2 6
5 1 10
1 200
2
9 1 2
12 2 12 9
6 3 15 15 7
2 1 12
3 1 1
5 1 5
13 1 2
2 3 4 2 7
13 1 3
12 1 15
3 2 10 13
3 3 15 2 14
11 0
5 2 5 6
2 1 11
9 4 14 1 9 14
5 3 1 8 13
4 4 9 14 1 8
15 1 11
11 1 11
1 0
2 1 2
10 4 4 12 7 7
14 0
7 2 12 2
7 2 3 12
2 1 9
13 4 9 14 2 1
14 1 14
13 4 7 12 3 7
6 4 2 13 8 4
7 0
2 0
11 0
15 1 8
11 2 1 12
15 1 3
5 3 9 12 11
12 1 4
4 2 3 8
1 0
6 2 15 2
6 1 6
3 3 12 4 13
10 1 4
15 3 6 14 1
3 1 3
6 3 5 15 5
3 7 9 15 15 1 11 10 3
3 2 2 3
9 1 15
3 2 6 6
11 2 5 13
3 1 12
2 2 11 10
9 3 8 3 9
9 0
10 0
13 1 5
7 0
14 1 9
3 0
5 1 5
15 2 7 4
5 2 2 14
5 1 6
10 2 11 7
11 1 3
9 2 14 7
14 2 15 8
15 3 14 7 3
1 1 4
4 0
12 0
10 1 13
6 1 12
3 1 7
13 2 8 8
11 1 4
6 3 4 12 2
7 1 3
4 2 10 2
15 2 4 5
2 2 2 9
13 2 5 11
1 1 10
3 6 5 8 14 2 2 10
6 2 7 15
2 2 2 8
15 3 10 9 3
4 1 10
1 2 2 6
10 2 5 9
9 0
7 2 12 15
14 0
5 0
2 1 14
10 2 5 15
13 2 6 8
7 0
1 4 12 10 5 9
5 0
2 2 10 2
12 0
14 1 5
14 1 2
7 2 6 9
11 4 4 9 11 1
10 5 15 12 12 11 1
12 1 3
2 1 2
5 2 9 14
11 2 14 13
11 2 11 8
3 2 8 8
4 1 3
13 2 10 10
15 1 7
5 1 8
4 3 7 2 15
4 2 8 11
12 3 3 8 3
13 2 8 2
4 4 15 11 15 9
4 2 1 1
12 3 6 10 1
8 1 13
12 4 2 15 4 11
6 0
12 4 4 1 5 4
10 2 1 1
13 1 6
1 1 14
11 2 5 2
1 0
6 2 14 5
10 1 7
7 3 3 10 9
2 4 6 10 12 11
11 2 13 8
3 1 5
10 0
7 3 10 12 13
6 3 15 13 8
12 3 5 13 14
1 2 6 7
9 1 10
9 1 11
1 1 2
5 4 9 14 2 13
13 1 8
11 0
9 5 9 11 14 9 9
10 3 4 4 10
6 4 7 12 12 4
12 1 13
13 0
13 2 10 8
15 2 3 10
10 2 9 9
1 1 11
9 2 7 15
7 5 6 13 8 14 1
1 1 3
11 2 11 9
8 1 8
13 4 9 4 12 10
12 4 1 6 9 5
14 4 2 5 1 10
14 1 12
14 4 8 4 7 2
9 1 9
1 0
6 1 3
14 3 15 9 4
12 2 10 5
13 2 14 12
7 1 9
13 0
13 3 2 11 1
3 0
10 1 4
15 0
11 0
11 2 4 12
5 3 9 13 2
14 1 10
1 0
9 2 5 3
5 4 4 6 11 10
10 1 13
1 4 3 9 1 4
5 1 1
9 5 7 5 7 11 5
1 5 6 7 14 12 4
1 4 15 7 1 7
1 0
6 4 3 14 15 13
4 2 15 3
8 50
13 15 5 2 14 11 4 5
15 6 7 10 9 1 1 10
5 2 7 10
8 2 13 11
5 3 14 15 1
14 4 6 12 11 1
2 2 2 13
2 1 10
3 1 6
1 2 4 3
9 2 7 12
5 4 6 4 15 12
10 5 7 2 8 3 4
13 2 5 7
3 0
3 2 13 5
8 1 2
8 5 11 3 5 12 13
9 3 5 4 2
14 2 15 8
1 3 7 6 6
3 1 12
2 1 10
3 3 7 5 11
7 1 15
8 3 6 10 13
8 2 8 4
1 0
13 2 15 2
10 6 6 15 6 6 9 14
4 4 14 7 12 11
2 3 3 15 7
9 1 4
1 2 14 5
10 2 5 10
5 4 1 14 9 15
14 1 11
3 3 2 5 2
13 1 4
2 1 15
10 1 8
6 2 13 15
6 1 10
4 2 3 1
11 1 1
15 2 8 10
13 2 8 1
10 4 11 3 12 12
7 0
6 4 5 1 6 4
8 0
39 127
14 11 1 17 9 3 3 12 11 17 5 6 11 2 12 14 5 15 14 14 17 5 11 15 5 6 15 17 8 11 16 4 13 17 11 4 10 4 6
11 2 2 7
11 1 11
10 1 4
8 2 9 3
4 1 7
2 2 15 3
2 0
9 0
7 0
7 2 4 14
5 5 8 10 5 14 5
3 2 11 16
6 2 17 11
17 1 11
4 2 9 1
3 2 6 15
5 2 15 9
9 0
17 3 1 10 10
12 1 14
7 3 17 4 2
2 0
10 4 6 11 12 14
10 1 3
14 3 2 16 4
17 4 9 14 16 13
11 4 2 17 2 13
17 1 7
17 4 10 3 6 4
14 1 15
5 1 1
2 2 3 1
7 0
6 0
9 2 12 15
1 1 14
7 1 2
10 2 9 2
9 4 11 12 2 2
13 3 17 11 4
7 3 4 17 15
4 3 14 6 3
15 4 1 8 3 9
12 1 9
4 4 12 6 4 14
9 0
14 1 1
8 0
17 2 10 10
5 1 5
10 4 9 9 17 12
6 1 14
6 2 15 5
10 1 17
6 3 1 12 8
2 5 3 2 8 15 6
10 2 17 11
7 1 4
9 2 7 16
17 3 12 13 1
11 2 16 10
13 2 15 9
9 1 11
17 0
9 4 17 4 15 9
17 2 7 16
9 3 2 9 9
16 1 11
17 1 1
8 5 3 7 1 6 5
11 4 1 9 6 8
6 4 14 11 6 2
12 2 7 16
17 1 12
8 3 7 3 11
6 2 1 1
8 2 8 3
5 2 7 16
4 0
16 4 11 5 2 16
17 2 17 15
13 3 14 15 8
12 2 14 12
5 0
5 1 2
9 4 10 5 15 6
6 3 7 1 12
5 4 3 13 13 13
15 2 6 16
5 1 16
13 5 9 7 1 4 5
9 2 7 13
17 4 6 5 5 16
4 3 2 6 1
16 1 6
17 2 7 16
12 1 8
15 0
15 0
11 4 3 1 1 1
14 2 5 14
16 2 7 13
8 4 10 15 5 6
8 0
15 2 12 4
15 3 7 1 2
4 3 4 17 8
14 1 8
10 0
7 4 2 10 15 6
3 1 1
9 3 6 11 13
2 0
14 4 6 11 4 6
13 2 17 14
6 1 1
13 4 11 12 9 10
9 2 3 1
2 1 9
11 0
13 1 11
14 2 8 8
10 2 4 5
4 4 9 5 7 12
17 6 3 2 4 4 16 5
16 2 8 5
3 1 13
3 123
141 154 66
123 3 168 149 165
54 1 179
1 4 97 140 51 187
69 4 79 192 194 143
91 3 168 119 13
113 2 170 48
180 2 159 87
59 3 104 123 67
187 4 12 7 92 136
93 0
90 0
37 6 42 63 123 172 69 175
89 3 42 195 159
119 3 46 186 5
71 4 141 155 83 146
191 5 165 46 190 63 72
31 8 2 84 35 193 122 127 44 90
104 6 63 29 166 50 187 7
85 4 36 161 55 114
81 2 22 74
84 2 182 196
179 3 143 137 80
186 6 147 27 2 42 85 36
4 3 142 29 178
1 5 137 174 181 45 84
57 4 113 12 68 138
9 3 32 41 117
179 2 191 193
138 1 4
59 3 147 81 172
119 5 11 54 24 24 116
60 3 84 178 115
112 1 75
119 5 45 45 162 131 80
81 7 6 21 36 34 190 163 116
154 3 33 18 145
184 4 175 26 9 174
60 3 98 24 168
12 2 31 138
170 1 122
104 8 6 50 140 4 138 45 38 121
53 3 182 83 129
7 4 164 19 84 48
192 0
123 1 15
77 4 153 77 31 181
182 2 111 173
106 3 182 127 15
132 5 105 103 111 196 12
19 2 199 156
186 4 125 43 109 8
15 1 26
197 4 157 72 175 150
171 2 69 177
18 4 18 101 81 46
150 2 147 11
180 2 108 164
178 4 161 10 180 100
128 3 156 22 155
69 4 63 48 58 120
37 1 159
46 6 179 180 112 99 90 158
80 2 12 69
100 5 26 21 2 14 2
117 4 14 98 110 75
160 4 172 30 193 29
6 1 39
100 2 172 82
172 1 5
17 3 87 108 159
69 1 22
75 2 9 107
22 2 92 161
27 2 54 83
19 2 7 73
96 2 125 27
55 4 38 63 117 21
200 1 114
1 1 28
186 5 41 133 81 121 54
18 4 159 29 125 9
138 8 71 45 43 47 43 66 72 52
200 2 119 109
167 3 68 114 41
109 5 110 106 100 2 197
170 2 191 165
116 4 19 171 40 14
40 3 37 68 177
99 4 155 91 191 152
195 5 1 152 37 56 38
108 5 177 110 2 36 149
87 7 56 59 150 45 157 194 34
192 5 16 67 183 75 147
187 2 19 6
187 2 133 88
108 5 147 156 59 99 150
99 4 93 25 140 176
192 3 129 11 44
7 3 32 136 117
70 4 73 124 172 106
160 2 98 170
28 6 27 6 128 22 65 164
144 4 19 33 37 199
133 8 114 118 32 58 71 185 169 67
54 1 8
114 3 16 195 39
29 3 76 145 149
61 5 81 100 200 121 138
114 4 133 156 89 30
29 2 87 12
46 0
83 2 73 154
167 3 54 114 48
198 3 139 184 108
1 2 149 126
27 5 125 42 60 20 158
119 5 185 4 85 148 63
116 5 154 80 27 27 164
18 3 105 126 20
17 2 86 105
62 0
125 1 164
56 2 152 188
158 200
1 3 20 12 1 10 18 8 4 19 17 8 13 9 10 6 18 1 12 18 13 9 9 11 14 13 9 8 2 14 11 3 9 10 6 9 11 3 8 14 13 17 13 5 5 2 2 2 3 14 20 15 2 8 17 7 12 5 15 13 11 5 7 11 6 12 19 9 7 7 14 19 3 7 4 19 20 17 12 2 10 3 9 3 2 17 2 13 14 16 6 16 12 12 6 9 16 16 17 14 2 11 12 16 17 7 6 16 4 18 10 5 20 10 20 14 6 1 6 11 16 11 6 19 15 3 7 2 19 16 15 12 18 18 8 6 17 5 1 12 14 2 16 6 3 15 19 1 7 4 11 2 7 9 12 13 11 11
14 1 18
9 2 12 13
6 3 4 7 17
20 0
1 1 13
3 2 3 3
9 1 17
20 0
8 2 19 20
5 2 20 13
4 0
20 2 8 17
16 0
18 0
14 0
4 3 7 18 8
3 0
16 2 17 18
18 1 5
1 2 8 3
16 3 17 16 20
17 1 1
16 1 13
19 3 7 16 2
18 0
2 1 9
7 2 7 8
2 1 4
14 1 15
9 0
12 2 8 1
19 1 10
18 2 2 7
9 1 14
10 0
18 1 11
11 1 18
19 2 4 2
9 2 3 6
10 0
3 1 17
4 1 2
9 1 14
11 1 19
1 0
14 0
14 2 16 3
15 3 2 1 9
10 1 16
3 1 13
7 0
17 1 7
19 1 4
3 0
7 2 11 5
9 0
16 1 6
5 0
10 0
10 1 13
14 1 20
13 1 19
20 2 16 13
11 2 10 3
1 0
10 0
20 2 7 11
11 0
8 2 8 12
8 1 14
12 0
2 1 9
3 0
12 0
12 1 4
4 2 1 5
6 1 11
17 1 3
10 0
7 3 12 5 2
20 0
9 0
15 3 2 17 13
18 3 10 19 2
3 0
2 1 11
18 2 18 2
18 0
6 0
7 1 10
19 1 8
11 1 2
19 0
19 1 18
1 1 1
11 1 15
8 1 14
12 1 17
13 1 15
7 2 6 18
11 1 2
4 2 8 17
20 0
14 0
16 0
12 2 2 2
9 3 8 15 8
13 6 5 13 1 9 2 2
8 1 18
10 0
19 1 10
19 2 9 10
18 1 10
13 1 1
9 2 5 13
20 2 5 3
6 3 4 11 2
6 1 14
10 0
4 2 5 4
13 0
8 1 3
14 4 16 3 18 16
3 0
6 0
7 1 8
6 0
5 1 7
10 2 14 12
18 2 2 18
3 3 8 15 19
13 2 13 14
2 0
3 2 11 19
6 0
9 2 18 16
6 1 12
6 0
1 0
5 4 7 17 13 17
15 2 2 6
11 1 3
4 2 2 11
13 2 9 3
15 0
12 0
4 0
13 3 13 11 16
17 1 5
13 1 11
16 1 13
1 1 12
1 0
1 1 12
16 1 16
18 4 16 13 7 17
19 1 11
1 4 9 6 15 14
15 1 6
1 1 17
10 1 10
9 5 8 16 3 16 6
13 0
3 0
11 1 4
18 0
11 2 11 3
16 0
3 2 1 10
3 1 3
1 2 3 10
9 0
13 0
16 1 15
13 0
20 1 16
7 1 4
17 2 16 2
12 3 19 16 8
15 0
1 1 19
19 1 2
8 1 16
13 3 5 12 6
19 1 10
3 1 13
11 0
10 2 10 17
15 1 11
17 3 15 6 16
10 1 17
4 2 1 12
5 0
2 2 8 13
7 2 2 13
8 0
11 0
9 0
3 0
5 2 14 10
400 200
5 5 5 5 5 5 5 5 5 5 5 5 5 5 5 5 5 5 5 5 5 5 5 5 5 5 5 5 5 5 5 5 5 5 5 5 5 5 5 5 5 5 5 5 5 5 5 5 5 5 5 5 5 5 5 5 5 5 5 5 5 5 5 5 5 5 5 5 5 5 5 5 5 5 5 5 5 5 5 5 5 5 5 5 5 5 5 5 5 5 5 5 5 5 5 5 5 5 5 5 5 5 5 5 5 5 5 5 5 5 5 5 5 5 5 5 5 5 5 5 5 5 5 5 5 5 5 5 5 5 5 5 5 5 5 5 5 5 5 5 5 5 5 5 5 5 5 5 5 5 5 5 5 5 5 5 5 5 5 5 5 5 5 5 5 5 5 5 5 5 5 5 5 5 5 5 5 5 5 5 5 5 5 5 5 5 5 5 5 5 5 5 5 5 5 5 5 5 5 5 5 5 5 5 5 5 5 5 5 5 5 5 5 5 5 5 5 5 5 5 5 5 5 5 5 5 5 5 5 5 5 5 5 5 5 5 5 5 5 5 5 5 5 5 5 5 5 5 5 5 5 5 5 5 5 5 5 5 5 5 5 5 5 5 5 5 5 5 5 5 5 5 5 5 5 5 5 5 5 5 5 5 5 5 5 5 5 5 5 5 5 5 5 5 5 5 5 5 5 5 5 5 5 5 5 5 5 5 5 5 5 5 5 5 5 5 5 5 5 5 5 5 5 5 5 5 5 5 5 5 5 5 5 5 5 5 5 5 5 5 5 5 5 5 5 5 5 5 5 5 5 5 5 5 5 5 5 5 5 5 5 5 5 5 5 5 5 5 5 5 5 5 5 5 5 5 5 5 5 5 5 5 5 5 5 5 5 5 5 5 5 5 5 5 5 5 5 5 5 5
5 0
5 0
5 0
5 0
5 0
5 0
5 0
5 0
5 0
5 0
5 0
5 0
5 0
5 0
5 0
5 0
5 0
5 0
5 0
5 0
5 0
5 0
5 0
5 0
5 0
5 0
5 0
5 0
5 0
5 0
5 0
5 0
5 0
5 0
5 0
5 0
5 0
5 0
5 0
5 0
5 0
5 0
5 0
5 0
5 0
5 0
5 0
5 0
5 0
5 0
5 0
5 0
5 0
5 0
5 0
5 0
5 0
5 0
5 0
5 0
5 0
5 0
5 0
5 0
5 0
5 0
5 0
5 0
5 0
5 0
5 0
5 0
5 0
5 0
5 0
5 0
5 0
5 0
5 0
5 0
5 0
5 0
5 0
5 0
5 0
5 0
5 0
5 0
5 0
5 0
5 0
5 0
5 0
5 0
5 0
5 0
5 0
5 0
5 0
5 0
5 0
5 0
5 0
5 0
5 0
5 0
5 0
5 0
5 0
5 0
5 0
5 0
5 0
5 0
5 0
5 0
5 0
5 0
5 0
5 0
5 0
5 0
5 0
5 0
5 0
5 0
5 0
5 0
5 0
5 0
5 0
5 0
5 0
5 0
5 0
5 0
5 0
5 0
5 0
5 0
5 0
5 0
5 0
5 0
5 0
5 0
5 0
5 0
5 0
5 0
5 0
5 0
5 0
5 0
5 0
5 0
5 0
5 0
5 0
5 0
5 0
5 0
5 0
5 0
5 0
5 0
5 0
5 0
5 0
5 0
5 0
5 0
5 0
5 0
5 0
5 0
5 0
5 0
5 0
5 0
5 0
5 0
5 0
5 0
5 0
5 0
5 0
5 0
5 0
5 0
5 0
5 0
5 0
5 0
5 0
5 0
5 0
5 0
5 0
5 0
1 200
200
200 1 200
200 1 200
200 1 200
200 1 200
200 1 200
200 1 200
200 1 200
200 1 200
200 1 200
200 1 200
200 1 200
200 1 200
200 1 200
200 1 200
200 1 200
200 1 200
200 1 200
200 1 200
200 1 200
200 1 200
200 1 200
200 1 200
200 1 200
200 1 200
200 1 200
200 1 200
200 0
200 1 200
200 1 200
200 1 200
200 1 200
200 1 200
200 1 200
200 1 200
200 1 200
200 1 200
200 1 200
200 1 200
200 1 200
200 1 200
200 1 200
200 1 200
200 1 200
200 1 200
200 1 200
200 1 200
200 1 200
200 1 200
200 1 200
200 1 200
200 1 200
200 1 200
200 1 200
200 1 200
200 1 200
200 1 200
200 1 200
200 1 200
200 1 200
200 1 200
200 1 200
200 1 200
200 1 200
200 1 200
200 1 200
200 1 200
200 1 200
200 1 200
200 1 200
200 1 200
200 1 200
200 1 200
200 1 200
200 1 200
200 1 200
200 1 200
200 1 200
200 1 200
200 1 200
200 1 200
200 1 200
200 1 200
200 1 200
200 1 200
200 1 200
200 1 200
200 1 200
200 1 200
200 1 200
200 1 200
200 1 200
200 1 200
200 1 200
200 1 200
200 1 200
200 1 200
200 1 200
200 1 200
200 1 200
200 1 200
200 1 200
200 1 200
200 1 200
200 1 200
200 1 200
200 1 200
200 1 200
200 1 200
200 1 200
200 1 200
200 1 200
200 1 200
200 1 200
200 1 200
200 1 200
200 1 200
200 1 200
200 1 200
200 1 200
200 2 200 200
200 1 200
200 1 200
200 1 200
200 1 200
200 1 200
200 1 200
200 1 200
200 1 200
200 1 200
200 1 200
200 1 200
200 1 200
200 1 200
200 1 200
200 1 200
200 1 200
200 1 200
200 1 200
200 1 200
200 1 200
200 1 200
200 1 200
200 1 200
200 1 200
200 1 200
200 1 200
200 1 200
200 1 200
200 1 200
200 1 200
200 1 200
200 1 200
200 1 200
200 1 200
200 1 200
200 1 200
200 1 200
200 1 200
200 1 200
200 1 200
200 1 200
200 1 200
200 1 200
200 1 200
200 1 200
200 1 200
200 1 200
200 1 200
200 1 200
200 1 200
200 1 200
200 1 200
200 1 200
200 1 200
200 1 200
200 1 200
200 1 200
200 1 200
200 1 200
200 1 200
200 1 200
200 1 200
200 1 200
200 1 200
200 1 200
200 1 200
200 1 200
200 1 200
200 1 200
200 1 200
200 1 200
200 1 200
200 1 200
200 1 200
200 1 200
200 1 200
200 1 200
200 1 200
200 1 200
200 1 200
2 200
1 3
4 1 3
3 2 1 4
3 3 3 5 2
4 2 3 1
2 2 4 1
4 1 4
5 2 3 3
2 1 1
4 0
5 1 2
4 1 2
2 0
2 0
3 1 3
5 0
4 0
5 1 2
2 2 4 2
4 3 5 3 2
1 3 3 5 4
1 1 5
3 1 3
2 1 5
4 0
2 1 1
1 0
5 1 5
4 1 1
5 2 2 5
2 1 2
4 2 5 4
5 1 3
1 2 5 5
1 0
5 2 4 2
3 1 2
1 3 1 1 1
4 1 2
4 3 1 5 1
5 2 1 1
5 3 4 2 5
5 1 2
3 1 3
1 1 1
2 0
5 5 3 2 3 5 5
2 1 3
2 1 4
1 2 5 5
2 0
4 3 4 1 5
2 1 4
4 0
2 1 2
5 1 4
5 0
4 1 2
5 2 1 3
5 3 2 2 3
5 0
1 3 4 4 3
3 2 3 1
1 2 4 3
1 1 4
5 1 2
1 2 4 3
5 2 2 2
1 0
4 0
1 2 4 5
2 4 2 4 5 4
1 2 5 1
5 0
4 1 1
3 2 2 4
1 2 4 2
3 0
1 1 2
4 1 3
4 1 1
2 0
5 0
2 0
5 2 4 4
3 2 4 2
1 1 5
1 1 3
2 3 4 1 4
2 0
5 1 1
1 1 2
4 2 3 2
4 0
2 0
2 1 5
4 0
2 0
1 2 2 5
1 0
2 1 3
1 0
2 0
4 4 3 4 5 4
5 1 1
2 1 2
2 1 5
3 0
5 0
2 2 1 3
3 0
5 1 1
4 0
2 1 1
1 1 5
5 2 3 1
5 0
3 1 2
3 1 4
3 0
5 4 4 5 5 1
2 1 1
5 0
5 1 3
1 3 4 4 3
3 1 1
1 0
1 3 2 4 4
4 1 4
4 1 1
1 1 1
3 0
4 1 4
4 2 2 2
3 1 4
1 2 3 2
5 1 2
4 2 4 2
5 0
1 3 5 1 3
3 2 5 1
2 0
5 1 3
3 1 5
1 0
2 0
2 2 1 1
5 0
5 1 1
4 0
4 1 3
1 1 5
3 3 5 5 1
3 1 3
5 2 5 2
5 0
1 1 5
3 0
2 0
1 2 1 5
1 1 5
2 1 2
5 0
4 0
2 2 2 2
3 2 2 5
1 3 3 3 2
1 2 2 2
3 1 3
5 0
2 2 5 1
5 1 1
2 1 4
3 0
2 2 3 3
2 1 4
5 1 4
4 0
3 1 2
1 2 4 1
4 0
3 1 3
3 2 2 1
1 3 3 5 5
5 0
4 2 4 1
2 0
2 3 1 3 4
1 2 3 1
3 0
3 3 2 4 5
3 4 3 5 2 2
1 1 4
4 4 4 4 2 3
4 0
2 0
1 0
4 4 4 3 1 4
5 1 4
4 1 2
1 2 4 4
3 30
5 4 1
3 0
1 0
5 1 2
1 1 1
3 0
6 2 5 6
2 1 6
2 1 2
2 2 1 5
1 0
2 0
4 0
4 0
6 1 2
5 2 2 2
3 1 4
5 2 1 4
1 2 2 6
1 0
4 2 3 3
5 1 5
6 1 4
2 0
6 1 3
2 1 6
6 0
1 2 6 1
4 0
4 2 4 1
4 1 4
1 200
2
26 2 16 17
28 1 26
11 4 13 22 18 14
28 3 23 8 29
20 0
1 2 25 15
19 2 13 12
26 1 6
13 5 24 1 13 14 29
12 1 10
26 1 19
15 2 23 20
18 0
4 2 24 14
22 4 1 24 6 1
30 3 4 21 14
9 3 3 30 22
1 1 16
14 3 6 14 24
26 2 27 19
12 3 23 18 29
15 0
4 1 28
29 6 26 2 20 26 21 6
15 3 23 29 7
12 3 7 18 6
14 4 11 11 28 6
25 1 14
11 3 20 10 9
7 1 6
18 3 30 3 2
6 4 18 8 8 27
4 0
28 1 15
25 0
24 1 13
29 2 24 12
6 0
11 2 29 1
3 2 14 9
9 1 27
28 2 28 9
17 2 30 13
27 8 22 18 14 17 8 7 8 17
2 1 8
8 3 30 24 2
18 0
10 1 14
1 3 7 13 7
23 2 3 1
28 1 25
12 1 4
29 0
1 1 13
3 1 13
13 1 12
12 4 12 23 2 14
8 1 1
30 1 25
15 3 18 11 15
14 3 8 4 4
17 1 27
12 4 12 18 17 13
18 1 12
7 1 28
7 4 18 22 6 22
3 1 8
5 0
4 2 11 26
13 3 4 9 15
29 0
12 3 21 13 29
11 1 3
15 2 26 28
8 2 28 25
4 4 1 15 21 22
15 2 5 8
25 3 10 23 1
13 5 12 27 3 23 3
15 1 16
10 0
2 4 29 29 7 2
18 0
8 1 27
2 1 30
12 4 28 13 25 28
13 3 19 21 8
6 2 3 7
20 1 24
12 1 2
20 1 1
3 2 30 17
20 2 4 27
1 1 18
12 3 30 19 16
26 4 16 21 15 23
29 3 1 7 11
14 2 18 10
22 1 1
24 2 18 14
19 1 9
12 0
6 6 3 26 24 11 6 12
21 4 14 18 20 25
27 1 30
5 1 2
24 0
3 5 1 7 13 6 23
22 2 30 25
28 1 7
9 2 28 11
1 1 29
30 3 4 29 4
18 1 7
8 2 13 10
23 2 9 18
30 2 13 9
20 4 6 9 17 15
28 0
11 1 13
23 0
9 2 1 11
5 1 3
5 2 21 22
2 1 3
17 5 18 25 1 17 10
30 2 15 28
22 3 22 22 18
22 1 17
14 0
16 1 23
10 0
25 0
21 1 10
22 2 15 30
13 2 9 9
25 3 27 29 16
15 1 9
7 5 3 29 1 23 21
8 3 28 13 15
5 2 23 3
15 1 9
8 1 28
26 3 26 16 6
25 0
16 0
18 2 26 10
16 2 4 1
27 0
8 1 28
26 2 11 25
12 3 25 29 27
16 2 9 3
30 0
16 3 20 20 14
17 2 29 7
8 2 21 6
7 1 6
1 4 4 2 29 19
30 3 23 5 12
20 2 5 11
16 3 30 9 13
1 0
7 3 24 22 24
28 4 30 16 23 15
23 2 15 22
11 2 6 24
14 3 22 22 5
29 6 15 2 28 13 6 10
18 2 5 28
22 2 22 4
25 2 10 26
2 2 10 24
29 2 24 29
20 2 26 6
18 4 16 27 28 18
6 2 29 25
8 3 3 16 30
3 1 14
25 3 12 28 28
7 2 22 17
28 2 2 2
6 4 2 5 12 3
22 1 22
20 1 23
21 2 4 3
1 2 16 24
27 1 26
27 3 17 20 30
23 3 17 11 20
26 1 9
9 3 28 10 15
8 3 9 20 3
19 3 30 13 10
7 0
5 3 27 10 11
11 3 18 23 17
17 1 12
18 1 21
1 2 22 19
1 84
1
1 0
1 4 1 1 1 1
1 0
1 0
1 4 1 1 1 1
1 2 1 1
1 0
1 1 1
1 1 1
1 0
1 1 1
1 1 1
1 0
1 0
1 0
1 0
1 0
1 0
1 4 1 1 1 1
1 4 1 1 1 1
1 0
1 0
1 4 1 1 1 1
1 1 1
1 0
1 0
1 0
1 0
1 4 1 1 1 1
1 0
1 4 1 1 1 1
1 3 1 1 1
1 0
1 0
1 0
1 5 1 1 1 1 1
1 1 1
1 5 1 1 1 1 1
1 0
1 0
1 0
1 0
1 0
1 0
1 1 1
1 1 1
1 1 1
1 0
1 0
1 0
1 0
1 0
1 0
1 0
1 1 1
1 1 1
1 0
1 4 1 1 1 1
1 0
1 0
1 4 1 1 1 1
1 4 1 1 1 1
1 0
1 4 1 1 1 1
1 1 1
1 0
1 0
1 1 1
1 0
1 1 1
1 0
1 0
1 4 1 1 1 1
1 1 1
1 1 1
1 4 1 1 1 1
1 0
1 0
1 0
1 0
1 0
1 0
1 0
1 1 1
2 200
20 6
7 0
21 4 8 4 1 16
9 1 19
21 1 1
4 0
14 2 6 8
14 1 19
10 1 2
9 4 5 13 6 21
13 1 1
16 0
23 0
23 2 19 14
17 1 14
16 1 19
13 0
13 1 12
2 0
12 1 16
16 2 15 7
18 0
8 3 12 23 11
11 1 12
9 1 16
23 2 17 19
12 0
15 1 6
18 3 21 11 8
21 0
18 1 14
15 0
21 0
15 2 22 18
23 0
12 0
12 1 12
7 1 18
20 2 15 10
15 3 9 18 18
15 1 23
9 2 8 9
1 0
15 1 2
8 1 19
12 0
1 1 17
14 0
1 1 5
2 0
3 2 7 22
16 2 23 9
13 1 8
10 1 3
20 1 9
22 0
3 1 5
2 1 21
13 2 20 5
21 0
16 0
7 1 18
12 1 23
13 0
15 1 11
5 2 21 20
19 0
3 2 17 16
6 1 6
15 1 2
12 3 16 5 9
20 0
23 0
12 1 17
5 0
1 1 1
23 3 18 4 23
6 3 13 18 1
14 0
18 0
1 0
16 0
4 2 20 9
14 0
20 3 16 14 16
1 1 17
12 2 19 15
22 2 19 11
19 1 1
18 0
13 0
12 2 20 2
2 0
18 0
18 1 6
16 0
23 2 19 7
7 0
13 1 21
5 0
21 0
1 2 15 19
18 2 12 13
14 1 3
6 1 21
23 3 10 2 8
14 1 23
6 1 1
22 1 8
5 0
17 0
16 0
14 1 13
20 0
23 0
4 0
14 3 1 15 9
11 0
20 3 17 15 4
10 2 12 9
6 2 17 18
9 1 18
15 0
1 2 4 21
4 0
3 1 2
16 0
20 0
10 3 7 21 3
22 0
18 0
1 0
16 0
6 1 12
15 1 18
22 1 21
22 0
5 1 23
21 0
20 1 10
3 3 15 17 9
14 1 6
7 0
11 0
10 0
6 1 11
8 0
18 2 13 6
11 4 8 19 5 4
4 0
4 5 20 18 22 12 9
16 0
7 0
12 1 12
10 1 10
4 1 3
14 1 20
19 0
17 1 9
23 0
18 5 23 13 15 19 15
5 1 15
1 0
10 0
10 1 7
9 1 23
8 1 7
9 0
7 2 6 19
5 2 12 5
22 0
4 0
12 1 4
5 2 14 3
14 1 2
22 1 5
11 2 16 7
15 0
16 1 15
21 0
13 0
13 2 23 9
7 1 4
19 2 3 11
1 2 23 2
10 1 18
16 0
8 0
5 0
3 0
8 4 10 1 20 4
22 2 3 20
7 0
2 0
3 0
10 1 1
10 0
4 4 14 5 13 17
18 1 18
16 1 3
3 1 17
2 63
3 1
1 2 3 3
3 2 2 4
1 2 4 4
2 0
4 1 4
4 0
3 5 3 2 1 4 2
2 0
4 1 4
1 2 3 3
1 3 4 2 1
3 1 4
1 3 1 1 1
1 2 3 3
3 1 3
4 0
1 1 2
1 1 4
4 1 1
1 3 1 1 1
1 1 1
1 2 3 1
2 0
2 1 4
4 1 2
2 4 1 1 4 1
3 1 2
4 2 1 4
4 1 1
4 2 4 3
2 1 1
4 1 3
2 3 3 2 2
2 1 1
1 0
1 3 4 4 1
1 1 3
3 2 4 1
2 4 4 4 4 3
4 2 4 2
4 1 3
2 0
2 3 4 4 3
4 1 1
2 1 2
4 4 4 4 3 1
3 0
3 3 4 4 3
1 1 3
3 1 2
3 1 4
1 1 3
3 2 1 3
4 5 1 1 4 2 1
2 0
2 2 3 2
1 3 4 4 1
4 1 4
1 0
4 4 3 3 3 4
3 0
2 2 4 1
4 3 3 4 2
10 50
10 9 13 1 7 13 12 12 7 2
8 0
3 2 4 10
2 2 10 6
4 4 11 7 2 1
11 4 4 12 3 12
5 1 4
1 2 1 11
13 2 10 4
1 2 7 13
4 1 5
7 5 8 5 2 10 9
10 1 10
3 1 13
3 3 3 13 7
5 0
2 1 1
12 3 3 6 9
12 2 8 8
13 0
7 3 5 8 1
9 1 5
9 1 2
3 0
10 1 11
11 0
11 1 10
9 2 4 11
9 1 2
11 1 4
2 0
10 2 11 9
5 4 7 2 12 9
7 2 1 6
13 2 7 6
8 2 11 10
4 0
7 1 12
9 4 11 3 10 2
3 2 1 13
9 5 10 12 9 3 6
1 3 9 9 11
12 1 2
5 2 3 1
5 1 3
3 3 11 11 11
9 4 2 2 10 8
6 1 1
4 0
10 3 5 2 11
6 1 4
18 127
2 8 30 29 19 19 11 28 4 24 17 17 13 16 20 12 21 11
5 4 12 13 4 13
25 3 25 24 21
1 2 2 30
27 1 17
17 3 2 2 5
28 4 23 28 4 12
24 3 14 26 13
28 4 15 25 26 9
26 2 4 30
16 3 4 11 8
12 6 16 6 16 24 22 28
9 2 1 23
11 2 6 10
11 3 11 8 11
14 6 24 23 1 10 29 18
10 1 31
9 4 16 10 29 8
1 1 27
28 3 16 4 18
17 1 10
27 3 30 1 27
30 1 12
9 3 24 10 13
12 2 23 10
15 1 27
20 1 1
27 3 9 7 20
1 5 18 6 20 22 24
31 3 25 31 23
14 5 18 15 18 5 27
9 2 26 29
4 4 11 10 27 15
7 1 6
9 0
30 3 5 16 10
24 2 1 11
6 3 5 23 5
21 5 2 30 13 25 23
18 3 13 1 24
31 2 29 5
5 3 21 25 25
29 4 19 18 28 25
6 4 31 31 13 28
15 2 5 19
8 7 24 28 18 30 25 20 12
20 0
22 5 12 24 15 8 17
16 6 7 27 2 3 2 1
20 2 30 1
17 3 3 21 15
30 1 28
15 2 26 10
13 4 5 10 2 31
8 0
24 6 30 4 10 4 22 11
25 3 22 7 23
27 7 24 6 25 16 14 5 30
20 2 11 7
25 4 21 6 22 24
26 2 17 1
2 1 8
2 3 2 19 29
28 5 27 24 21 11 22
7 3 2 23 8
11 2 6 13
24 1 5
30 2 18 20
14 7 19 18 15 20 11 11 15
13 2 20 18
14 2 20 28
11 4 24 1 23 15
15 3 22 3 30
11 2 21 17
17 4 9 29 29 12
28 3 17 5 26
16 3 4 12 12
5 2 3 7
16 3 25 31 28
1 0
22 4 6 4 2 22
1 3 29 26 26
28 3 4 10 28
4 5 16 14 25 23 8
13 2 15 17
4 2 16 11
27 3 28 20 30
4 6 26 4 15 10 8 6
28 5 22 8 12 22 10
13 3 28 14 9
28 3 31 7 8
21 3 22 24 12
15 7 2 11 20 30 6 15 19
28 6 25 23 22 17 22 26
15 3 4 10 1
19 1 4
5 2 17 15
7 4 11 11 8 16
17 5 21 19 5 27 15
18 1 30
18 0
30 2 23 18
28 3 11 7 8
1 4 14 27 19 27
7 2 22 27
11 4 5 10 17 24
26 4 6 26 11 8
22 3 1 16 6
13 0
11 3 13 23 14
20 2 4 6
4 4 9 20 3 16
9 4 14 11 30 15
17 4 19 5 27 31
5 4 12 5 2 12
20 4 22 8 13 16
18 3 17 2 28
31 1 22
23 3 12 2 24
15 4 21 25 23 25
13 4 2 21 6 17
20 2 7 18
2 4 28 13 10 18
25 3 7 4 29
14 4 26 20 19 31
16 4 22 21 27 2
12 0
18 3 27 27 7
