25
2 9
13 13
13 0
13 1 13
13 1 13
13 1 13
13 0
13 0
13 2 13 13
13 1 13
13 1 13
1 20
3
4 1 1
3 3 3 3 2
4 1 1
4 1 2
1 5 2 4 2 4 3
4 2 4 3
4 0
4 1 2
4 3 2 4 4
2 0
2 3 2 3 4
3 0
1 3 1 4 1
2 1 3
2 2 3 3
4 1 2
2 0
1 5 1 2 1 3 2
2 3 2 3 4
4 1 2
3 20
1 2 2
3 0
3 0
2 3 3 3 1
1 1 2
3 0
1 1 2
2 2 3 2
2 0
1 0
2 0
2 2 2 3
3 0
3 1 3
1 0
3 0
2 2 3 1
2 2 1 2
3 1 2
3 4 2 1 3 3
1 0
1 10
2
5 2 3 3
4 2 5 5
1 2 4 1
3 2 3 5
5 1 4
2 1 3
1 1 3
3 0
3 1 3
4 4 1 4 3 2
3 19
1 1 1
1 0
1 0
1 0
1 0
1 0
1 0
1 1 1
1 1 1
1 1 1
1 1 1
1 1 1
1 1 1
1 1 1
1 1 1
1 1 1
1 2 1 1
1 2 1 1
1 2 1 1
1 2 1 1
20 15
3 2 5 3 4 2 5 2 1 2 3 4 5 2 4 4 2 2 3 4
3 2 3 2
5 3 3 3 1
5 0
1 0
4 1 5
2 1 4
1 3 3 1 2
2 2 1 4
5 1 5
1 0
2 2 5 3
2 1 4
4 1 3
3 1 5
1 2 4 2
1 1
2
2 0
4 20
3 2 4 3
3 2 1 2
1 1 4
2 0
4 0
2 1 4
4 2 2 1
3 2 3 2
2 1 3
1 3 2 4 1
4 1 3
1 1 2
4 0
3 1 4
3 4 4 3 3 3
3 3 2 3 3
3 2 2 1
3 0
1 0
4 0
3 2 3 4
10 20
1 2 3 4 5 6 7 8 9 10
10 1 10
1 0
4 1 4
6 0
5 0
7 1 7
9 1 9
2 1 2
8 1 8
3 0
6 1 6
1 1 1
3 1 3
10 0
7 0
8 0
2 0
9 0
4 0
5 1 5
1 1
2
1 1 1
1 1
2
2 3 1 2 3
2 20
8 18
18 1 15
1 3 20 7 13
12 2 2 14
11 3 9 20 11
17 3 9 1 7
10 2 3 17
15 1 8
5 1 11
16 3 5 3 10
6 1 4
3 1 19
20 1 2
8 4 4 14 19 5
13 3 7 16 13
2 1 10
4 1 9
19 2 17 12
9 2 1 3
7 2 19 6
14 1 13
3 20
3 3 2
3 2 1 1
1 0
1 0
1 1 1
3 1 1
2 0
3 2 1 2
1 3 1 3 3
1 0
1 2 3 3
1 2 1 1
2 1 1
2 4 2 3 2 1
2 0
1 1 3
1 2 2 3
3 0
1 2 2 2
3 1 2
1 0
1 1
2
1 3 1 2 3
3 5
2 1 1
2 1 2
2 2 1 1
2 1 1
2 2 1 2
2 0
3 10
1 1 1
2 0
1 0
2 1 2
2 1 2
2 5 1 1 1 1 1
1 1 1
2 2 2 2
2 1 2
2 2 1 2
2 1 2
3 15
2 2 3
2 2 3 2
1 2 3 1
3 0
3 4 1 2 2 2
3 2 1 1
2 1 1
2 3 2 2 1
3 3 2 2 1
3 0
3 3 1 3 3
3 0
3 3 3 1 1
1 0
2 1 1
2 1 3
3 20
3 3 3
2 0
1 0
1 2 1 2
3 0
3 0
3 2 3 1
3 2 3 3
3 2 2 1
2 1 3
2 5 3 2 1 1 1
1 3 3 3 2
3 1 1
3 3 1 2 1
3 0
1 1 1
2 0
3 1 1
1 0
2 1 1
2 3 1 2 3
1 2
2
2 0
2 1 2
1 4
1
1 0
1 2 1 3
2 0
3 1 2
23 5
1 3 3 1 4 4 2 3 2 1 1 2 4 4 3 3 1 2 2 4 1 2 1
2 0
4 1 4
1 1 2
1 2 1 4
1 2 3 4
2 20
2 15
3 1 16
17 1 3
16 1 17
4 2 5 16
9 1 4
20 1 9
11 2 15 20
10 1 11
2 1 10
5 3 8 2 2
6 1 5
14 1 6
12 1 14
18 1 12
8 4 7 6 15 18
19 1 8
1 2 7 19
13 1 1
7 1 13
15 1 7
2 13
2 2
2 0
2 0
2 2 2 2
2 0
2 1 2
2 0
2 1 2
2 0
2 0
2 1 2
2 3 2 2 2
2 1 2
2 1 2
3 15
1 1 2
2 2 3 2
1 0
2 1 3
2 2 1 3
3 3 3 1 3
1 2 2 2
3 1 1
3 0
3 0
3 1 1
1 0
2 4 2 2 2 1
3 3 2 3 2
3 0
1 2 2 3
3 3
1 1 1
1 0
1 0
1 0
